1	1	1427
1	2	1634
1	3	1611
1	4	1426
1	5	1879
1	6	1575
1	7	1435
1	8	1486
1	9	1432
1	10	1430
1	11	1431
1	12	1432
1	13	1432
1	14	1433
1	15	1427
1	16	1432
1	17	1435
1	18	1428
1	19	1688
1	20	1625
1	21	1608
1	22	1446
1	23	1432
1	24	1433
1	25	1430
1	26	1428
1	27	1131
1	28	1430
1	29	1925
1	30	1432
1	31	1430
2	1	1431
2	2	1435
2	3	2461
2	4	1447
2	5	1468
2	6	1418
2	7	1428
2	8	1429
2	9	1435
2	10	1431
2	11	1431
2	12	1431
2	13	1430
2	14	1434
2	15	1423
2	16	1431
2	17	1421
2	18	1429
2	19	1421
2	20	1432
2	21	1420
2	22	1431
2	23	1274
2	24	1377
2	25	1260
2	26	1667
2	27	1432
2	28	1432
2	29	1232
3	1	1429
3	2	1443
3	3	1528
3	4	1104
3	5	1337
3	6	1429
3	7	1428
3	8	1370
3	9	1446
3	10	1423
3	11	1426
3	12	1428
3	13	1642
3	14	1199
3	15	1425
3	16	1564
3	17	1426
3	18	1428
3	19	1419
3	20	1444
3	21	1490
3	22	1433
3	23	1428
3	24	1303
3	25	1428
3	26	1348
3	27	1420
3	28	1502
3	29	1425
3	30	1343
3	31	1438
4	1	1710
4	2	1462
4	3	1134
4	4	1379
4	5	1445
4	6	1454
4	7	1110
4	8	1135
4	9	1176
4	10	2453
4	11	1491
4	12	1203
4	13	1402
4	14	1285
4	15	1047
4	16	1152
4	17	950
4	18	1291
4	19	1029
4	20	1190
4	21	1207
4	22	948
4	23	1001
4	24	1541
4	25	1246
4	26	1494
4	27	1542
4	28	1109
4	29	1193
4	30	1053
5	1	1210
5	2	1139
5	3	1429
5	4	1238
5	5	1078
5	6	1951
5	7	942
5	8	1082
5	9	1274
5	10	1289
5	11	1263
5	12	1120
5	13	1309
5	14	1169
5	15	1320
5	16	1363
5	17	1172
5	18	1165
5	19	1448
5	20	1147
5	21	1199
5	22	1207
5	23	1299
5	24	1225
5	25	1052
5	26	1421
5	27	1043
5	28	1412
5	29	1352
5	30	1165
5	31	1271
6	1	1177
6	2	1085
6	3	1178
6	4	1114
6	5	1319
6	6	1325
6	7	1364
6	8	1310
6	9	1188
6	10	1079
6	11	1262
6	12	1230
6	13	1434
6	14	1304
6	15	1491
6	16	1393
6	17	1158
6	18	1186
6	19	1359
6	20	1707
6	21	1071
6	22	1245
6	23	1367
6	24	1265
6	25	1220
6	26	1286
6	27	1504
6	28	1367
6	29	1271
6	30	1134
7	1	1362
7	2	1359
7	3	1584
7	4	1307
7	5	1222
7	6	1337
7	7	1169
7	8	1309
7	9	1187
7	10	1280
7	11	1250
7	12	1008
7	13	1281
7	14	1270
7	15	1345
7	16	1510
7	17	1345
7	18	1344
7	19	1691
7	20	1175
7	21	1735
7	22	1386
7	23	1374
7	24	1212
7	25	1245
7	26	1206
7	27	1192
7	28	1380
7	29	1468
7	30	1373
7	31	1367
8	1	1106
8	2	1609
8	3	1315
8	4	1413
8	5	1191
8	6	1300
8	7	1088
8	8	1350
8	9	1445
8	10	1437
8	11	1116
8	12	1217
8	13	1517
8	14	1168
8	15	1340
8	16	1288
8	17	1320
8	18	1085
8	19	1284
8	20	1255
8	21	1245
8	22	1190
8	23	1064
8	24	976
8	25	1433
8	26	1337
8	27	2137
8	28	1457
8	29	1292
8	30	1472
8	31	1228
9	1	1665
9	2	1369
9	3	1322
9	4	1117
9	5	1532
9	6	1285
9	7	1158
9	8	1264
9	9	1288
9	10	1469
9	11	1382
9	12	1165
9	13	1047
9	14	1189
9	15	1631
9	16	1405
9	17	1284
9	18	1071
9	19	1473
9	20	1277
9	21	1239
9	22	1027
9	23	1009
9	24	1313
9	25	934
9	26	1579
9	27	1431
9	28	1655
9	29	1219
9	30	1534
10	1	1251
10	2	1848
10	3	2598
10	4	1385
10	5	1235
10	6	1003
10	7	1322
10	8	1027
10	9	1808
10	10	1352
10	11	1215
10	12	1779
10	13	1297
10	14	1115
10	15	1020
10	16	1392
10	17	1259
10	18	1301
10	19	1147
10	20	1465
10	21	1116
10	22	1375
10	23	1250
10	24	1000
10	25	1597
10	26	1246
10	27	1304
10	28	1715
10	29	1090
10	30	1148
10	31	1367
11	1	1421
11	2	1639
11	3	976
11	4	1238
11	5	1228
11	6	1218
11	7	1064
11	8	1064
11	9	1199
11	10	1183
11	11	1027
11	12	1299
11	13	1244
11	14	1182
11	15	1241
11	16	1416
11	17	1210
11	18	1123
11	19	1441
11	20	1141
11	21	1201
11	22	1425
11	23	1293
11	24	1221
11	25	1357
11	26	1390
11	27	1392
11	28	1622
11	29	1397
11	30	1368
12	1	1942
12	2	1153
12	3	1261
12	4	1162
12	5	1099
12	6	1438
12	7	1248
12	8	1127
12	9	1724
12	10	1946
12	11	1234
12	12	1439
12	13	1221
12	14	1190
12	15	1602
12	16	1252
12	17	1395
12	18	1417
12	19	1864
12	20	1584
12	21	1421
12	22	1342
12	23	1652
12	24	1625
12	25	1382
12	26	1417
12	27	1404
12	28	1342
12	29	1386
12	30	1165
12	31	1359
